[gd_scene load_steps=5 format=2]

[ext_resource path="res://assets/model/diceBox.mesh" type="ArrayMesh" id=1]

[sub_resource type="PhysicsMaterial" id=6]
rough = true
absorbent = true

[sub_resource type="CylinderShape" id=4]
margin = 0.004
radius = 0.23
height = 0.02

[sub_resource type="BoxShape" id=5]
margin = 0.004
extents = Vector3( 0.01, 0.09, 0.086 )

[node name="DiceBox" type="StaticBody"]
physics_material_override = SubResource( 6 )

[node name="Mesh" type="MeshInstance" parent="."]
transform = Transform( 0.92388, 0, 0.382683, 0, 1, 0, -0.382683, 0, 0.92388, 0, 0, 0 )
use_in_baked_light = true
mesh = ExtResource( 1 )
material/0 = null

[node name="CollisionShape" type="CollisionShape" parent="."]
transform = Transform( 1, 0, 0, 0, 1, 0, 0, 0, 1, 0, 0.013, 0 )
shape = SubResource( 4 )

[node name="CollisionShape2" type="CollisionShape" parent="."]
transform = Transform( 1, 0, 0, 0, 1, 0, 0, 0, 1, -0.22, 0.115, 0 )
shape = SubResource( 5 )

[node name="CollisionShape3" type="CollisionShape" parent="."]
transform = Transform( 1, 0, 0, 0, 1, 0, 0, 0, 1, 0.22, 0.115, 0 )
shape = SubResource( 5 )

[node name="CollisionShape4" type="CollisionShape" parent="."]
transform = Transform( 0.707107, 0, 0.707107, 0, 1, 0, -0.707107, 0, 0.707107, -0.156, 0.115, 0.156 )
shape = SubResource( 5 )

[node name="CollisionShape5" type="CollisionShape" parent="."]
transform = Transform( 0.707107, 0, 0.707107, 0, 1, 0, -0.707107, 0, 0.707107, 0.156, 0.115, -0.156 )
shape = SubResource( 5 )

[node name="CollisionShape6" type="CollisionShape" parent="."]
transform = Transform( -4.37114e-08, 0, 1, 0, 1, 0, -1, 0, -4.37114e-08, 0, 0.115, -0.22 )
shape = SubResource( 5 )

[node name="CollisionShape7" type="CollisionShape" parent="."]
transform = Transform( -4.37114e-08, 0, 1, 0, 1, 0, -1, 0, -4.37114e-08, 0, 0.115, 0.22 )
shape = SubResource( 5 )

[node name="CollisionShape8" type="CollisionShape" parent="."]
transform = Transform( 0.707107, 0, -0.707107, 0, 1, 0, 0.707107, 0, 0.707107, -0.156, 0.115, -0.156 )
shape = SubResource( 5 )

[node name="CollisionShape9" type="CollisionShape" parent="."]
transform = Transform( 0.707107, 0, -0.707107, 0, 1, 0, 0.707107, 0, 0.707107, 0.156, 0.115, 0.156 )
shape = SubResource( 5 )
